# Cities: Berlin Brussels Helsinki London Madrid Moscow Paris Rejkjavik Rome Stockholm
0    651  1105 932  1870 1608 878  2385 1184 810
651  0    1648 322  1316 2253 263  2128 1171 1281
1105 1648 0    1821 2948 892  1908 2414 2202 396
932  322  1821 0    1263 2501 343  1888 1433 1433
1870 1316 2948 1263 0    3440 1053 2889 1363 2593
1608 2253 892  2501 3440 0    2486 3306 2377 1227
878  263  1908 343  1053 2486 0    2230 1105 1544
2385 2128 2414 1888 2889 3306 2230 0    3299 2131
1184 1171 2202 1433 1363 2377 1105 3299 0    1977
810  1281 396  1433 2593 1227 1544 2131 1977 0
