6.815
10.930
5.280
10.571
4.931
1.363
5.594
5.521
3.562
6.626
10.937
9.342
7.602
3.078
10.866
1.898
1.804
10.359
7.494
2.289
8.520
2.148
5.080
2.257
1.525
9.536
1.654
8.445
8.547
1.465
8.948
4.578
6.906
8.545
1.871
10.556
1.505
11.017
10.665
4.816
2.850
8.012
4.421
10.271
9.365
9.866
6.902
11.005
7.015
8.769
8.105
1.368
4.178
8.619
8.051
5.650
1.576
5.089
10.062
9.291
8.943
10.903
10.617
1.157
10.029
9.404
9.911
6.259
0.717
10.859
4.210
5.527
2.685
9.059
4.201
8.118
7.625
1.586
4.927
1.725
10.749
1.555
2.041
3.539
7.895
8.480
0.998
6.513
9.169
2.708
3.719
1.680
9.990
6.952
3.387
9.073
9.631
9.358
6.386
1.150
8.688
7.845
1.137
1.388
10.887
10.082
1.433
9.923
11.439
10.278
9.844
8.321
8.822
0.983
9.915
11.719
7.289
8.164
11.607
6.580
4.477
3.226
2.052
9.149
9.740
8.434
3.363
10.267
8.942
9.248
7.498
11.094
2.277
11.176
8.486
1.468
1.191
2.361
10.338
8.979
9.357
7.873
9.986
8.115
2.167
8.762
8.352
7.260
8.051
1.944
9.779
1.167
1.884
2.586
8.746
1.495
3.152
9.262
2.330
8.264
6.652
4.019
10.894
1.921
5.232
11.682
9.773
10.236
4.606
4.278
8.102
10.702
7.698
0.951
4.054
8.391
2.085
4.631
7.565
1.375
10.464
8.121
1.796
5.902
1.622
1.768
8.355
5.301
5.062
6.843
5.419
8.395
10.069
1.907
9.820
9.602
2.650
1.593
7.659
10.726
10.486
11.907
1.369
11.500
10.492
7.861
2.036
11.291
5.314
1.202
1.966
10.604
10.209
8.920
1.085
6.102
11.101
8.566
9.137
8.069
2.275
2.232
10.049
10.219
7.123
4.332
1.055
11.081
10.632
2.406
8.538
4.592
0.555
1.519
9.054
8.781
8.086
0.332
9.743
1.512
11.169
8.594
1.375
10.801
9.280
1.767
8.760
9.232
6.560
2.776
6.350
7.088
9.318
9.200
1.391
7.934
7.943
9.201
10.168
10.655
9.031
9.524
11.535
1.280
9.420
6.770
1.248
3.550
2.019
2.895
4.119
1.479
9.434
4.577
8.519
10.982
6.098
1.898
9.963
4.919
8.196
9.879
11.228
8.442
7.076
4.273
1.899
10.548
7.526
10.597
8.121
10.040
10.774
2.727
4.368
2.633
10.063
7.764
7.364
1.968
2.909
8.931
10.704
0.590
11.463
3.042
6.171
2.337
11.302
10.362
5.517
1.764
1.525
1.299
5.371
9.726
5.114
10.128
7.870
1.389
11.297
3.003
3.409
9.267
5.758
1.161
9.603
3.958
7.838
9.460
1.562
0.806
1.298
2.040
8.454
2.887
9.856
7.928
3.754
9.140
6.450
7.034
1.579
7.294
9.390
2.342
11.207
7.856
10.931
9.295
6.708
11.193
0.859
1.876
4.237
8.904
2.359
8.774
10.492
10.322
1.462
0.648
8.066
2.191
5.694
5.930
10.006
9.768
7.883
3.552
8.730
0.739
1.905
2.369
9.400
0.596
8.023
8.170
11.473
1.726
8.120
10.824
1.784
1.920
11.774
5.442
6.232
4.489
6.240
2.292
3.892
8.957
9.905
5.805
1.904
4.064
4.785
10.810
10.508
1.966
1.844
8.964
3.569
1.819
8.744
3.187
9.745
11.644
2.934
1.533
7.946
9.432
1.861
2.180
1.297
8.977
1.626
10.524
9.669
3.846
8.947
1.831
1.611
9.686
2.250
10.289
1.358
1.371
8.157
0.713
2.471
10.850
2.327
8.315
9.942
1.732
10.416
5.737
2.446
7.564
1.933
10.807
8.512
2.419
3.548
7.100
5.723
9.246
6.828
10.302
9.507
2.183
1.225
3.027
9.935
3.012
11.458
7.622
4.973
11.158
2.816
11.329
8.835
9.786
4.679
6.565
3.244
0.890
11.419
1.404
3.931
4.874
11.423
10.492
10.520
10.658
8.953
1.603
3.580
10.971
5.486
8.386
3.036
7.552
4.340
6.160
4.463
2.546
2.905
1.650
11.930
11.130
3.600
1.298
5.770
2.417
10.395
2.246
0.728
1.187
3.943
1.027
9.968
1.736
10.287
1.696
5.328
8.163
8.690
6.937
2.482
10.722
7.770
9.764
2.169
2.007
0.520
6.169
11.076
10.826
11.082
6.185
11.300
1.454
10.477
4.266
1.370
1.249
8.310
5.080
9.107
1.313
1.222
1.262
10.666
3.219
2.769
9.312
1.693
11.252
9.954
2.883
8.503
6.804
4.668
3.526
11.003
4.378
10.264
4.300
4.741
1.613
9.089
1.855
8.101
1.407
5.742
1.620
4.531
4.251
7.991
8.192
2.511
1.406
11.085
1.020
8.145
2.253
10.998
5.994
1.618
6.868
7.775
11.914
11.776
4.538
7.491
7.306
9.987
1.324
0.643
0.775
2.543
1.321
2.054
6.104
9.819
7.350
2.720
1.953
8.387
9.908
5.776
10.152
9.822
7.970
2.256
8.507
1.635
6.281
4.993
10.503
3.509
4.413
10.241
4.034
0.668
11.174
1.024
11.285
5.148
3.676
5.078
1.525
7.942
1.118
6.591
9.316
7.290
4.846
10.643
6.737
4.945
7.296
7.884
4.518
8.863
7.517
7.194
3.675
9.103
3.777
1.513
8.013
7.751
7.400
3.077
10.709
3.257
3.776
10.022
6.991
8.955
1.559
9.419
0.552
1.361
4.451
7.759
7.412
7.821
2.065
9.420
11.216
1.292
1.288
8.714
5.087
2.449
9.873
6.632
8.042
9.077
10.723
10.376
4.341
10.925
2.800
8.934
6.808
4.598
6.196
0.647
10.377
11.557
11.075
4.256
11.405
4.429
11.341
9.521
10.211
2.119
2.565
6.263
5.147
4.997
0.529
9.007
10.025
11.296
11.248
1.754
10.920
10.807
8.889
7.186
11.083
9.936
1.711
2.584
11.261
5.419
9.088
1.152
2.137
3.440
9.235
5.522
5.662
10.276
10.556
9.522
2.370
9.556
1.079
1.984
0.857
6.582
10.574
5.735
1.966
1.089
1.314
1.748
11.409
11.452
9.313
11.605
1.167
11.149
7.515
1.736
10.241
9.909
1.201
4.123
8.685
6.229
7.365
9.195
8.297
8.336
2.373
7.247
10.431
8.170
1.511
2.247
5.104
5.695
3.350
7.783
8.289
8.435
6.105
1.361
1.263
9.941
4.316
10.837
1.253
4.873
11.577
9.264
4.940
7.866
9.400
1.311
9.211
6.513
11.886
9.973
10.809
10.599
10.695
0.755
3.469
0.989
6.814
2.156
6.608
5.961
3.273
2.984
9.785
2.393
9.521
10.343
1.118
11.558
8.489
1.588
2.365
2.527
8.231
1.848
8.872
3.287
8.905
2.982
3.562
8.470
1.771
2.206
9.850
8.413
5.458
9.777
1.859
1.463
9.848
6.069
6.447
5.745
10.251
10.664
0.570
1.296
4.763
4.619
10.203
2.331
0.902
8.359
7.146
1.532
2.188
11.960
10.605
2.805
7.479
1.778
10.162
0.986
8.623
6.997
5.949
10.051
0.878
1.365
10.628
1.089
3.761
1.620
10.927
10.199
9.645
1.716
1.433
7.792
1.751
1.390
5.230
1.166
7.047
8.148
11.306
10.556
6.786
2.523
10.328
0.850
1.862
1.591
4.886
1.440
6.712
5.123
9.616
7.595
10.849
6.690
9.977
9.442
1.652
9.824
4.301
7.768
4.233
8.139
9.606
9.258
1.919
10.069
3.983
5.854
5.668
0.908
3.353
10.213
10.479
1.862
10.598
4.045
2.710
10.445
10.151
1.399
10.712
1.295
4.718
11.055
11.184
3.746
9.922
7.908
1.221
9.537
4.846
0.575
11.338
1.587
9.008
8.859
6.090
2.361
11.148
1.349
10.245
1.494
4.611
5.679
2.328
9.907
2.045
5.296
10.115
10.014
7.391
1.230
7.882
6.548
8.845
8.864
1.721
9.422
10.033
6.807
4.627
1.487
1.938
8.301
1.267
7.523
10.078
10.750
3.156
4.148
1.770
4.756
9.466
11.389
6.189
1.834
10.494
6.009
8.846
8.425
10.190
10.515
7.758
2.322
11.081
2.178
2.250
2.129
7.805
10.778
7.675
11.147
11.040
9.301
8.076
3.829
3.025
10.152
1.640
4.974
7.485
4.497
9.897
9.298
9.206
1.719
8.695
8.751
2.770
2.321
10.805
1.078
7.229
3.706
9.525
8.169
0.721
5.472
9.746
8.010
9.043
